611338	0.00469038239855
1185852	0.0089569786655
2172535	0.016731139292
2421849	0.017752842574
3320422	0.0229545137947
3916324	0.0252090617852
3149914	0.0219794737509
3224571	0.0230730134918
1875347	0.0113345807364
3734045	0.0255109304645
3572540	0.0253925956972
4601465	0.0301803346243
4004512	0.0248016876369
4627977	0.0374661655409
3891767	0.0351856271511
1599774	0.0134530021349
3697725	0.0348265915707
4350323	0.0441613111416
9142293	0.0667606539986
11468163	0.0781755392062
7158689	0.051004244778
6823807	0.0611415272604
3572540	0.0253925956972
13179566	0.103473819182
8962541	0.0786409921151
9127946	0.0644868239174
9490758	0.0658783044144
5621313	0.0431739004731
5121502	0.0388151992782
8790077	0.0717214201611
9904203	0.0770387462441
6427609	0.0511825996594
5539838	0.0447565905306
3572540	0.0253925956972
13029165	0.0930703758586
10237458	0.0839507022982
15023760	0.11276392132
14609532	0.135472493733
6300785	0.0544943425994
9409058	0.0792482993211
9465686	0.0636406499951
3572540	0.0253925956972
6114724	0.0612294662957
9260847	0.0766339581448
7726291	0.0714130077994
8282875	0.0887491837447
5729656	0.0456711154722
3572540	0.0253925956972
9730616	0.0994040169409
8607268	0.120842843969
3572540	0.0253925956972
9006981	0.120081184989
3572540	0.0253925956972
8438269	0.0766240054466
11255456	0.0864687433456
7510091	0.0862917244053
6898295	0.102077796646
5972495	0.0851935059117
6435848	0.0892551869641
6890993	0.105696993717
7830298	0.0851322475464
9460265	0.088724058113
10496517	0.102484003973
11891292	0.09904976373
12267791	0.0981635369178
13988294	0.106564415784
14487237	0.111700909574
12786464	0.0976038418083
13296563	0.0993036591276
7667242	0.0608963800434
8392882	0.0683914680453
11964807	0.111359161966
10416980	0.12701245806
10035603	0.109048440316
6300785	0.0544943425994
6433252	0.0475312816729
10194937	0.0904130845991
8337580	0.0764094671775
9434182	0.0793585603685
8332446	0.0743587656077
6897175	0.059744338148
7245549	0.0569012878811
12066812	0.0848638064147
10697352	0.0927563903376
6430381	0.0730977404412
5447226	0.0695162086445
4026991	0.0673804841946
4316803	0.0525347143226
2578288	0.0321768914656
2334515	0.0238979330518
2147764	0.0257259098185
2478654	0.037119385197
2147257	0.0436348825092
1969625	0.0407930651493
1065075	0.0237588566328
1278259	0.0270837511263
928745	0.0215092726415
961078	0.0240468831272
1558065	0.0437689903375
2147758	0.0531090618615
1422748	0.0384526717683
1324639	0.036914590771
706682	0.0216478114066
1284410	0.029396303448
1856954	0.0188967578756
2763686	0.0244984029226
3101446	0.0302822308811
3097816	0.0284788607793
2813781	0.0281993066471
3580028	0.0329732009127
3253958	0.0258020329015
2211672	0.0192969338729
